{
  "description": "Population means computed from NHANES 2017-2018 adult males, excluding the 200 test samples for each template.",
  "per_template_means": {
    "ANEMIA": {
      "hb": 14.823448866067606,
      "hct": 43.91151048352588,
      "rbc": 4.957021822849807
    },
    "FIB4": {
      "age": 50.1719696969697,
      "ast": 23.607756721022476,
      "alt": 25.904824561403508,
      "plt": 226.76850663243474
    },
    "AIP": {
      "tc": 183.03748910200522,
      "hdl": 48.2027027027027,
      "tg": 121.242
    },
    "CONICITY": {
      "wt": 88.15285890580009,
      "ht": 1.7347872427983537,
      "waist": 1.0195415239726027
    },
    "VASCULAR": {
      "sbp": 127.19545454545455,
      "dbp": 73.40181818181819
    },
    "TYG": {
      "tg": 121.242,
      "glu": 116.59882583170254
    },
    "HOMA": {
      "glu": 115.98336594911937,
      "ins": 14.148432160804019
    },
    "NLR": {
      "neu": 4.189773213521609,
      "lym": 2.1981600342319214
    }
  },
  "per_template_stds": {
    "ANEMIA": {
      "hb": 1.3698219109313934,
      "hct": 3.782952797059591,
      "rbc": 0.5110842727809712
    },
    "FIB4": {
      "age": 18.953490980891043,
      "ast": 13.4031449359618,
      "alt": 17.803660511276895,
      "plt": 57.76539008666735
    },
    "AIP": {
      "tc": 41.42337163361538,
      "hdl": 13.602155440431158,
      "tg": 125.69294903056417
    },
    "CONICITY": {
      "wt": 22.143329129573143,
      "ht": 0.07669387870403638,
      "waist": 0.16596860258158164
    },
    "VASCULAR": {
      "sbp": 17.971239074818897,
      "dbp": 12.961425158861209
    },
    "TYG": {
      "tg": 125.69294903056417,
      "glu": 39.87428285328276
    },
    "HOMA": {
      "glu": 37.810174719901084,
      "ins": 17.72943871474419
    },
    "NLR": {
      "neu": 1.6599675695523124,
      "lym": 1.7770131734553358
    }
  },
  "per_template_n_holdout": {
    "ANEMIA": {
      "hb": 2337,
      "hct": 2337,
      "rbc": 2337
    },
    "FIB4": {
      "age": 2640,
      "ast": 2269,
      "alt": 2280,
      "plt": 2337
    },
    "AIP": {
      "tc": 2294,
      "hdl": 2294,
      "tg": 1000
    },
    "CONICITY": {
      "wt": 2431,
      "ht": 2430,
      "waist": 2336
    },
    "VASCULAR": {
      "sbp": 2200,
      "dbp": 2200
    },
    "TYG": {
      "tg": 1000,
      "glu": 1022
    },
    "HOMA": {
      "glu": 1022,
      "ins": 995
    },
    "NLR": {
      "neu": 2337,
      "lym": 2337
    }
  },
  "per_template_covariances": {
    "ANEMIA": {
      "root_order": [
        "hb",
        "hct",
        "rbc"
      ],
      "means": [
        14.823448866067606,
        43.91151048352588,
        4.957021822849807
      ],
      "covariance": [
        [
          1.8772153262583455,
          4.990213709547423,
          0.49772012162150264
        ],
        [
          4.990213709547423,
          14.31685803424364,
          1.5214568120570806
        ],
        [
          0.49772012162150264,
          1.5214568120570806,
          0.26131895200643607
        ]
      ],
      "n_complete": 2337
    },
    "FIB4": {
      "root_order": [
        "age",
        "ast",
        "alt",
        "plt"
      ],
      "means": [
        50.418430335097,
        23.609347442680775,
        25.887566137566136,
        226.5379188712522
      ],
      "covariance": [
        [
          352.57958077282495,
          -21.327865338819617,
          -66.88809010346282,
          -196.0240339694832
        ],
        [
          -21.327865338819617,
          179.79703653913327,
          180.23351724653008,
          -57.01473483902539
        ],
        [
          -66.88809010346282,
          180.23351724653008,
          317.4478735620111,
          34.77643110373595
        ],
        [
          -196.0240339694832,
          -57.01473483902539,
          34.77643110373595,
          3268.081931617589
        ]
      ],
      "n_complete": 2268
    },
    "AIP": {
      "root_order": [
        "tc",
        "hdl",
        "tg"
      ],
      "means": [
        180.896,
        48.908,
        121.242
      ],
      "covariance": [
        [
          1626.87606006006,
          82.7061381381381,
          1594.3284964964967
        ],
        [
          82.7061381381381,
          174.0615975975976,
          -533.269005005005
        ],
        [
          1594.3284964964967,
          -533.269005005005,
          15814.531967967952
        ]
      ],
      "n_complete": 1000
    },
    "CONICITY": {
      "root_order": [
        "wt",
        "ht",
        "waist"
      ],
      "means": [
        87.97375429553266,
        1.7354841065292097,
        1.0196439003436426
      ],
      "covariance": [
        [
          464.3339778201363,
          0.7444149887876813,
          3.226140155698753
        ],
        [
          0.7444149887876813,
          0.00589473631798091,
          0.0025583138480071836
        ],
        [
          3.226140155698753,
          0.0025583138480071836,
          0.027519161062907128
        ]
      ],
      "n_complete": 2328
    },
    "VASCULAR": {
      "root_order": [
        "sbp",
        "dbp"
      ],
      "means": [
        127.19545454545455,
        73.40181818181819
      ],
      "covariance": [
        [
          323.11230311298516,
          94.47440572160895
        ],
        [
          94.47440572160895,
          168.07493984869166
        ]
      ],
      "n_complete": 2200
    },
    "TYG": {
      "root_order": [
        "tg",
        "glu"
      ],
      "means": [
        121.242,
        116.755
      ],
      "covariance": [
        [
          15814.531967967952,
          846.8141041041044
        ],
        [
          846.8141041041044,
          1546.4754504504501
        ]
      ],
      "n_complete": 1000
    },
    "HOMA": {
      "root_order": [
        "glu",
        "ins"
      ],
      "means": [
        116.12663316582915,
        14.148432160804019
      ],
      "covariance": [
        [
          1388.933646097692,
          177.24600356915363
        ],
        [
          177.24600356915363,
          314.6492275192865
        ]
      ],
      "n_complete": 995
    },
    "NLR": {
      "root_order": [
        "neu",
        "lym"
      ],
      "means": [
        4.189773213521609,
        2.1981600342319214
      ],
      "covariance": [
        [
          2.7566719091623137,
          0.26082877774749275
        ],
        [
          0.26082877774749275,
          3.159127606227391
        ]
      ],
      "n_complete": 2337
    }
  },
  "global_means": {
    "hb": 14.80571249215317,
    "hct": 43.82623979912116,
    "rbc": 4.956264908976773,
    "age": 49.69238956891964,
    "ast": 23.697659297789336,
    "alt": 25.92686084142395,
    "plt": 227.55994978028878,
    "tc": 182.97043701799487,
    "hdl": 48.13431876606684,
    "tg": 124.47687400318979,
    "wt": 88.5230083234245,
    "ht": 1.7344145324597977,
    "waist": 1.023320520768754,
    "sbp": 126.97686715135492,
    "dbp": 73.50958360872438,
    "glu": 115.83153013910355,
    "ins": 14.328507223113965,
    "neu": 4.261142498430634,
    "lym": 2.1940364092906464
  }
}